13331331001303
13331331001103
13331331001003
13331331000303
13331331000103
13331303031103
13331303031033
13331303031003
13331303030133
13331303030103
13331303030033
13331303030003
13331303011303
13331303011103
13331303011033
13331303011003
13331303010333
13331303010303
13331303010133
13331303010103
13331303010033
13331303010003
13331303001333
13331303001303
13331303001133
13331303001103
13331303001033
13331303001003
13331303000333
13331303000133
13331303000103
13331303000033
13331301031303
13331301031103
13331301031033
13331301031003
13331301030333
13331301030303
13331301030133
13331301030103
13331301030033
13331301030003
13331301011303
13331301011033
13331301011003
13331301010333
13331301010303
13331301010133
13331301010103
13331301010033
13331301010003
13331301001333
13331301001303
13331301001133
13331301001103
13331301001033
13331301001003
13331301000333
13331301000303
13331301000133
13331301000103
13331301000033
13331031031303
13331031031103
13331031031033
13331031031003
13331031030333
13331031030303
13331031030133
13331031030103
13331031030033
13331031030003
13331031011303
13331031011033
13331031011003
13331031010333
13331031010303
13331031010133
13331031010103
13331031010033
13331031010003
13331031001333
13331031001303
13331031001133
13331031001103
13331031001033
13331031001003
13331031000333
13331031000303
13331031000133
13331031000103
13331031000033
13331003031103
13331003031033
13331003031003
13331003030133
13331003030103
13331003030033
13331003030003
13331003011303
13331003011103
13331003011033
13331003011003
13331003010333
13331003010133
13331003010103
13331003010033
13331003010003
13331003001333
13331003001133
13331003001103
13331003001033
13331003001003
13331003000133
13331003000033
13331001031303
13331001031103
13331001031033
13331001031003
13331001030333
13331001030303
13331001030133
13331001030103
13331001030033
13331001030003
13331001011303
13331001011033
13331001011003
13331001010333
13331001010303
13331001010133
13331001010103
13331001010033
13331001010003
13331001001333
13331001001303
13331001001133
13331001001103
13331001001033
13331001001003
13331001000333
13331001000133
13331001000103
13331001000033
13330331001303
13330331001103
13330331001003
13330331000303
13330331000103
13330303031103
13330303031033
13330303031003
13330303030133
13330303030103
13330303011303
13330303011103
13330303011033
13330303011003
13330303010333
13330303010133
13330303010103
13330303010033
13330303010003
13330303001333
13330303001133
13330303001103
13330303001033
13330303001003
13330303000133
13330301031303
13330301031103
13330301031033
13330301031003
13330301030333
13330301030303
13330301030133
13330301030103
13330301030033
13330301030003
13330301011303
13330301011103
13330301011033
13330301011003
13330301010333
13330301010303
13330301010133
13330301010103
13330301010033
13330301010003
13330301001333
13330301001303
13330301001133
13330301001103
13330301001033
13330301001003
13330301000333
13330301000133
13330301000103
13330301000033
13330031031303
13330031031103
13330031030333
13330031030303
13330031030133
13330031030103
13330031011303
13330031011103
13330031010333
13330031010303
13330031010133
13330031010103
13330031001333
13330031001303
13330031001133
13330031001103
13330031000333
13330031000133
13330031000103
13031331001333
13031331001303
13031331001133
13031331001103
13031331001003
13031331000333
13031331000303
13031331000133
13031331000103
13031303031103
13031303031003
13031303030133
13031303030103
13031303030003
13031303011303
13031303011103
13031303011033
13031303011003
13031303010333
13031303010303
13031303010133
13031303010103
13031303010033
13031303010003
13031303001333
13031303001303
13031303001133
13031303001103
13031303001033
13031303001003
13031303000333
13031303000303
13031303000133
13031303000103
13031303000033
13031301031303
13031301031103
13031301031003
13031301030333
13031301030303
13031301030133
13031301030103
13031301030003
13031301011303
13031301011033
13031301011003
13031301010333
13031301010303
13031301010133
13031301010103
13031301010033
13031301010003
13031301001333
13031301001303
13031301001133
13031301001103
13031301001033
13031301001003
13031301000333
13031301000303
13031301000133
13031301000103
13031301000033
13031031031303
13031031031103
13031031031003
13031031030333
13031031030303
13031031030133
13031031030103
13031031030003
13031031011303
13031031011033
13031031011003
13031031010333
13031031010303
13031031010133
13031031010103
13031031010033
13031031010003
13031031001333
13031031001303
13031031001133
13031031001103
13031031001033
13031031001003
13031031000333
13031031000303
13031031000133
13031031000103
13031031000033
13031003031033
13031003030133
13031003030033
13031003011033
13031003010333
13031003010133
13031003010033
13031003001333
13031003001133
13031003001033
13031003000333
13031003000133
13031003000033
13031001031033
13031001030333
13031001030133
13031001030033
13031001011033
13031001010333
13031001010133
13031001010033
13031001001333
13031001001133
13031001001033
13031001000333
13031001000133
13031001000033
13030331001333
13030331001303
13030331001133
13030331001103
13030331001033
13030331001003
13030331000333
13030331000303
13030331000133
13030331000103
13030331000033
13030303031103
13030303031033
13030303031003
13030303030133
13030303030103
13030303011303
13030303011103
13030303011033
13030303011003
13030303010333
13030303010303
13030303010133
13030303010103
13030303010033
13030303010003
13030303001333
13030303001303
13030303001133
13030303001103
13030303001033
13030303001003
13030303000133
13030303000103
13030301031303
13030301031103
13030301031033
13030301031003
13030301030333
13030301030303
13030301030133
13030301030103
13030301030033
13030301030003
13030301011303
13030301011103
13030301011033
13030301011003
13030301010333
13030301010303
13030301010133
13030301010103
13030301010033
13030301010003
13030301001333
13030301001303
13030301001133
13030301001103
13030301001033
13030301001003
13030301000333
13030301000303
13030301000133
13030301000103
13030301000033
13030031031303
13030031031103
13030031030333
13030031030303
13030031030133
13030031030103
13030031011303
13030031011103
13030031010333
13030031010303
13030031010133
13030031010103
13030031001333
13030031001303
13030031001133
13030031001103
13030031000333
13030031000303
13030031000133
13030031000103
11331331001303
11331331001003
11331331000303
11331331000103
11331303031103
11331303031033
11331303031003
11331303030133
11331303030103
11331303030033
11331303030003
11331303011303
11331303011033
11331303011003
11331303010333
11331303010303
11331303010133
11331303010103
11331303010033
11331303010003
11331303001333
11331303001303
11331303001133
11331303001103
11331303001033
11331303001003
11331303000333
11331303000303
11331303000133
11331303000103
11331303000033
11331301031303
11331301031033
11331301031003
11331301030333
11331301030303
11331301030133
11331301030103
11331301030033
11331301030003
11331301010333
11331301010303
11331301010033
11331301010003
11331301001333
11331301001303
11331301001033
11331301001003
11331301000333
11331301000303
11331301000133
11331301000103
11331301000033
11331031031303
11331031031033
11331031031003
11331031030333
11331031030303
11331031030133
11331031030103
11331031030033
11331031030003
11331031010333
11331031010303
11331031010033
11331031010003
11331031001333
11331031001303
11331031001033
11331031001003
11331031000333
11331031000303
11331031000133
11331031000103
11331031000033
11331003031103
11331003031033
11331003031003
11331003030133
11331003030103
11331003030033
11331003030003
11331003011303
11331003011033
11331003011003
11331003010333
11331003010303
11331003010133
11331003010103
11331003010033
11331003010003
11331003001333
11331003001303
11331003001133
11331003001103
11331003001033
11331003001003
11331003000333
11331003000133
11331003000103
11331003000033
11331001031303
11331001031033
11331001031003
11331001030333
11331001030303
11331001030133
11331001030103
11331001030033
11331001030003
11331001010333
11331001010303
11331001010033
11331001010003
11331001001333
11331001001303
11331001001033
11331001001003
11331001000333
11331001000303
11331001000133
11331001000103
11331001000033
11330331001303
11330331001103
11330331001003
11330331000303
11330331000103
11330303031103
11330303031033
11330303031003
11330303030133
11330303030103
11330303030033
11330303030003
11330303011303
11330303011103
11330303011033
11330303011003
11330303010333
11330303010303
11330303010133
11330303010103
11330303010033
11330303010003
11330303001333
11330303001303
11330303001133
11330303001103
11330303001033
11330303001003
11330303000333
11330303000133
11330303000103
11330303000033
11330301031303
11330301031103
11330301031033
11330301031003
11330301030333
11330301030303
11330301030133
11330301030103
11330301030033
11330301030003
11330301011303
11330301011033
11330301011003
11330301010333
11330301010303
11330301010133
11330301010103
11330301010033
11330301010003
11330301001333
11330301001303
11330301001133
11330301001103
11330301001033
11330301001003
11330301000333
11330301000303
11330301000133
11330301000103
11330301000033
11330031031303
11330031031103
11330031030333
11330031030303
11330031030133
11330031030103
11330031011303
11330031010333
11330031010303
11330031010133
11330031010103
11330031001333
11330031001303
11330031001133
11330031001103
11330031000333
11330031000303
11330031000133
11330031000103
11031331001333
11031331001303
11031331001003
11031331000333
11031331000303
11031331000133
11031331000103
11031303031103
11031303031003
11031303030133
11031303030103
11031303030003
11031303011303
11031303011033
11031303011003
11031303010333
11031303010303
11031303010133
11031303010103
11031303010033
11031303010003
11031303001333
11031303001303
11031303001133
11031303001103
11031303001033
11031303001003
11031303000333
11031303000303
11031303000133
11031303000103
11031303000033
11031301031303
11031301031003
11031301030333
11031301030303
11031301030133
11031301030103
11031301030003
11031301010333
11031301010303
11031301010033
11031301010003
11031301001333
11031301001303
11031301001033
11031301001003
11031301000333
11031301000303
11031301000133
11031301000103
11031301000033
11031031031303
11031031031003
11031031030333
11031031030303
11031031030133
11031031030103
11031031030003
11031031010333
11031031010303
11031031010033
11031031010003
11031031001333
11031031001303
11031031001033
11031031001003
11031031000333
11031031000303
11031031000133
11031031000103
11031031000033
11031003031033
11031003030133
11031003030033
11031003011033
11031003010333
11031003010133
11031003010033
11031003001333
11031003001133
11031003001033
11031003000333
11031003000133
11031003000033
11031001031033
11031001030333
11031001030133
11031001030033
11031001010333
11031001010033
11031001001333
11031001001033
11031001000333
11031001000133
11031001000033
11030331001333
11030331001303
11030331001133
11030331001103
11030331001033
11030331001003
11030331000333
11030331000303
11030331000133
11030331000103
11030331000033
11030303031103
11030303031033
11030303031003
11030303030133
11030303030103
11030303030033
11030303030003
11030303011303
11030303011103
11030303011033
11030303011003
11030303010333
11030303010303
11030303010133
11030303010103
11030303010033
11030303010003
11030303001333
11030303001303
11030303001133
11030303001103
11030303001033
11030303001003
11030303000333
11030303000303
11030303000133
11030303000103
11030303000033
11030301031303
11030301031103
11030301031033
11030301031003
11030301030333
11030301030303
11030301030133
11030301030103
11030301030033
11030301030003
11030301011303
11030301011033
11030301011003
11030301010333
11030301010303
11030301010133
11030301010103
11030301010033
11030301010003
11030301001333
11030301001303
11030301001133
11030301001103
11030301001033
11030301001003
11030301000333
11030301000303
11030301000133
11030301000103
11030301000033
11030031031303
11030031031103
11030031030333
11030031030303
11030031030133
11030031030103
11030031011303
11030031010333
11030031010303
11030031010133
11030031010103
11030031001333
11030031001303
11030031001133
11030031001103
11030031000333
11030031000303
11030031000133
11030031000103
03031331001333
03031331001303
03031331001133
03031331001103
03031331001003
03031331000333
03031331000303
03031331000133
03031331000103
03031303031103
03031303031003
03031303030133
03031303030103
03031303011303
03031303011103
03031303011033
03031303011003
03031303010333
03031303010303
03031303010133
03031303010103
03031303010033
03031303010003
03031303001333
03031303001303
03031303001133
03031303001103
03031303001033
03031303001003
03031303000133
03031303000103
03031301031303
03031301031103
03031301031003
03031301030333
03031301030303
03031301030133
03031301030103
03031301030003
03031301011303
03031301011103
03031301011033
03031301011003
03031301010333
03031301010303
03031301010133
03031301010103
03031301010033
03031301010003
03031301001333
03031301001303
03031301001133
03031301001103
03031301001033
03031301001003
03031301000333
03031301000303
03031301000133
03031301000103
03031301000033
03031031031303
03031031031103
03031031031003
03031031030333
03031031030303
03031031030133
03031031030103
03031031030003
03031031011303
03031031011103
03031031011033
03031031011003
03031031010333
03031031010303
03031031010133
03031031010103
03031031010033
03031031010003
03031031001333
03031031001303
03031031001133
03031031001103
03031031001033
03031031001003
03031031000333
03031031000303
03031031000133
03031031000103
03031031000033
03031003031033
03031003030133
03031003011033
03031003010333
03031003010133
03031003010033
03031003001333
03031003001133
03031003001033
03031003000133
03031001031033
03031001030333
03031001030133
03031001030033
03031001011033
03031001010333
03031001010133
03031001010033
03031001001333
03031001001133
03031001001033
03031001000333
03031001000133
03031001000033
03030331001333
03030331001303
03030331001133
03030331001103
03030331001033
03030331001003
03030331000133
03030331000103
03030301031303
03030301031103
03030301031033
03030301031003
03030301030133
03030301030103
03030301011303
03030301011103
03030301011033
03030301011003
03030301010333
03030301010303
03030301010133
03030301010103
03030301010033
03030301010003
03030301001333
03030301001303
03030301001133
03030301001103
03030301001033
03030301001003
03030301000133
03030301000103
03030031031303
03030031031103
03030031030133
03030031030103
03030031011303
03030031011103
03030031010333
03030031010303
03030031010133
03030031010103
03030031001333
03030031001303
03030031001133
03030031001103
03030031000133
03030031000103
01331331001303
01331331001103
01331331001003
01331331000303
01331331000103
01331303031103
01331303031033
01331303031003
01331303030133
01331303030103
01331303030033
01331303030003
01331303011303
01331303011103
01331303011033
01331303011003
01331303010333
01331303010303
01331303010133
01331303010103
01331303010033
01331303010003
01331303001333
01331303001303
01331303001133
01331303001103
01331303001033
01331303001003
01331303000333
01331303000133
01331303000103
01331303000033
01331301031303
01331301031103
01331301031033
01331301031003
01331301030333
01331301030303
01331301030133
01331301030103
01331301030033
01331301030003
01331301011303
01331301011033
01331301011003
01331301010333
01331301010303
01331301010133
01331301010103
01331301010033
01331301010003
01331301001333
01331301001303
01331301001133
01331301001103
01331301001033
01331301001003
01331301000333
01331301000303
01331301000133
01331301000103
01331301000033
01331031031303
01331031031103
01331031031033
01331031031003
01331031030333
01331031030303
01331031030133
01331031030103
01331031030033
01331031030003
01331031011303
01331031011033
01331031011003
01331031010333
01331031010303
01331031010133
01331031010103
01331031010033
01331031010003
01331031001333
01331031001303
01331031001133
01331031001103
01331031001033
01331031001003
01331031000333
01331031000303
01331031000133
01331031000103
01331031000033
01331003031103
01331003031033
01331003031003
01331003030133
01331003030103
01331003030033
01331003030003
01331003011303
01331003011103
01331003011033
01331003011003
01331003010333
01331003010133
01331003010103
01331003010033
01331003010003
01331003001333
01331003001133
01331003001103
01331003001033
01331003001003
01331003000133
01331003000033
01331001031303
01331001031103
01331001031033
01331001031003
01331001030333
01331001030303
01331001030133
01331001030103
01331001030033
01331001030003
01331001011303
01331001011033
01331001011003
01331001010333
01331001010303
01331001010133
01331001010103
01331001010033
01331001010003
01331001001333
01331001001303
01331001001133
01331001001103
01331001001033
01331001001003
01331001000333
01331001000133
01331001000103
01331001000033
01330331001303
01330331001103
01330331001003
01330331000303
01330331000103
01330303031103
01330303031033
01330303031003
01330303030133
01330303030103
01330303011303
01330303011103
01330303011033
01330303011003
01330303010333
01330303010133
01330303010103
01330303010033
01330303010003
01330303001333
01330303001133
01330303001103
01330303001033
01330303001003
01330303000133
01330301031303
01330301031103
01330301031033
01330301031003
01330301030333
01330301030303
01330301030133
01330301030103
01330301030033
01330301030003
01330301011303
01330301011103
01330301011033
01330301011003
01330301010333
01330301010303
01330301010133
01330301010103
01330301010033
01330301010003
01330301001333
01330301001303
01330301001133
01330301001103
01330301001033
01330301001003
01330301000333
01330301000133
01330301000103
01330301000033
01330031031303
01330031031103
01330031030333
01330031030303
01330031030133
01330031030103
01330031011303
01330031011103
01330031010333
01330031010303
01330031010133
01330031010103
01330031001333
01330031001303
01330031001133
01330031001103
01330031000333
01330031000133
01330031000103
01031331001333
01031331001303
01031331001133
01031331001103
01031331001003
01031331000333
01031331000303
01031331000133
01031331000103
01031303031103
01031303031003
01031303030133
01031303030103
01031303030003
01031303011303
01031303011103
01031303011033
01031303011003
01031303010333
01031303010303
01031303010133
01031303010103
01031303010033
01031303010003
01031303001333
01031303001303
01031303001133
01031303001103
01031303001033
01031303001003
01031303000333
01031303000303
01031303000133
01031303000103
01031303000033
01031301031303
01031301031103
01031301031003
01031301030333
01031301030303
01031301030133
01031301030103
01031301030003
01031301011303
01031301011033
01031301011003
01031301010333
01031301010303
01031301010133
01031301010103
01031301010033
01031301010003
01031301001333
01031301001303
01031301001133
01031301001103
01031301001033
01031301001003
01031301000333
01031301000303
01031301000133
01031301000103
01031301000033
01031031031303
01031031031103
01031031031003
01031031030333
01031031030303
01031031030133
01031031030103
01031031030003
01031031011303
01031031011033
01031031011003
01031031010333
01031031010303
01031031010133
01031031010103
01031031010033
01031031010003
01031031001333
01031031001303
01031031001133
01031031001103
01031031001033
01031031001003
01031031000333
01031031000303
01031031000133
01031031000103
01031031000033
01031003031033
01031003030133
01031003030033
01031003011033
01031003010333
01031003010133
01031003010033
01031003001333
01031003001133
01031003001033
01031003000333
01031003000133
01031003000033
01031001031033
01031001030333
01031001030133
01031001030033
01031001011033
01031001010333
01031001010133
01031001010033
01031001001333
01031001001133
01031001001033
01031001000333
01031001000133
01031001000033
01030331001333
01030331001303
01030331001133
01030331001103
01030331001033
01030331001003
01030331000333
01030331000303
01030331000133
01030331000103
01030331000033
01030303031103
01030303031033
01030303031003
01030303030133
01030303030103
01030303011303
01030303011103
01030303011033
01030303011003
01030303010333
01030303010303
01030303010133
01030303010103
01030303010033
01030303010003
01030303001333
01030303001303
01030303001133
01030303001103
01030303001033
01030303001003
01030303000133
01030303000103
01030301031303
01030301031103
01030301031033
01030301031003
01030301030333
01030301030303
01030301030133
01030301030103
01030301030033
01030301030003
01030301011303
01030301011103
01030301011033
01030301011003
01030301010333
01030301010303
01030301010133
01030301010103
01030301010033
01030301010003
01030301001333
01030301001303
01030301001133
01030301001103
01030301001033
01030301001003
01030301000333
01030301000303
01030301000133
01030301000103
01030301000033
01030031031303
01030031031103
01030031030333
01030031030303
01030031030133
01030031030103
01030031011303
01030031011103
01030031010333
01030031010303
01030031010133
01030031010103
01030031001333
01030031001303
01030031001133
01030031001103
01030031000333
01030031000303
01030031000133
01030031000103
03331331001303
03331331001103
03331331001003
03331331000303
03331331000103
03331303031103
03331303031033
03331303031003
03331303030133
03331303030103
03331303011303
03331303011103
03331303011033
03331303011003
03331303010333
03331303010133
03331303010103
03331303010033
03331303010003
03331303001333
03331303001133
03331303001103
03331303001033
03331303001003
03331303000133
03331301031303
03331301031103
03331301031033
03331301031003
03331301030333
03331301030303
03331301030133
03331301030103
03331301030033
03331301030003
03331301011303
03331301011103
03331301011033
03331301011003
03331301010333
03331301010303
03331301010133
03331301010103
03331301010033
03331301010003
03331301001333
03331301001303
03331301001133
03331301001103
03331301001033
03331301001003
03331301000333
03331301000133
03331301000103
03331301000033
03331031031303
03331031031103
03331031031033
03331031031003
03331031030333
03331031030303
03331031030133
03331031030103
03331031030033
03331031030003
03331031011303
03331031011103
03331031011033
03331031011003
03331031010333
03331031010303
03331031010133
03331031010103
03331031010033
03331031010003
03331031001333
03331031001303
03331031001133
03331031001103
03331031001033
03331031001003
03331031000333
03331031000133
03331031000103
03331031000033
03331003031103
03331003031033
03331003031003
03331003030133
03331003011103
03331003011033
03331003011003
03331003010133
03331003010033
03331003001133
03331003001033
03331001031303
03331001031103
03331001031033
03331001031003
03331001030333
03331001030133
03331001030103
03331001030033
03331001030003
03331001011303
03331001011103
03331001011033
03331001011003
03331001010333
03331001010133
03331001010103
03331001010033
03331001010003
03331001001333
03331001001133
03331001001103
03331001001033
03331001001003
03331001000133
03331001000033
